==================================[MINISAT]===================================
| Conflicts |     ORIGINAL     |              LEARNT              | Progress |
|           | Clauses Literals |   Limit Clauses Literals  Lit/Cl |          |
==============================================================================
|         0 |    1624     4872 |     541       0        0    -nan |  0.000 % |
|       100 |    1624     4872 |     595     100     2054    20.5 |  0.001 % |
|       251 |    1624     4872 |     654     251     5207    20.7 |  0.001 % |
|       477 |    1624     4872 |     720     477    10052    21.1 |  0.001 % |
|       814 |    1624     4872 |     792     429     9273    21.6 |  0.001 % |
|      1320 |    1624     4872 |     871     509    10485    20.6 |  0.001 % |
|      2080 |    1624     4872 |     958     810    17979    22.2 |  0.001 % |
|      3220 |    1624     4872 |    1054     934    19855    21.3 |  0.001 % |
|      4929 |    1624     4872 |    1159     970    21190    21.8 |  0.001 % |
|      7492 |    1624     4872 |    1275    1117    24308    21.8 |  0.001 % |
|     11338 |    1624     4872 |    1403    1004    19796    19.7 |  0.001 % |
|     17104 |    1624     4872 |    1543     970    19264    19.9 |  0.001 % |
|     25756 |    1624     4872 |    1697     880    17550    19.9 |  0.001 % |
|     38730 |    1624     4872 |    1867    1647    34591    21.0 |  0.001 % |
|     58193 |    1624     4872 |    2054    1046    20454    19.6 |  0.001 % |
|     87385 |    1624     4872 |    2259    1956    42741    21.9 |  0.001 % |
|    131174 |    1624     4872 |    2485    1935    43635    22.6 |  0.001 % |
|    196859 |    1624     4872 |    2734    1665    34375    20.6 |  0.001 % |
|    295386 |    1624     4872 |    3007    2651    57767    21.8 |  0.001 % |
|    443178 |    1624     4872 |    3308    2182    46621    21.4 |  0.001 % |
|    664861 |    1624     4872 |    3639    2258    51217    22.7 |  0.001 % |
|    997388 |    1624     4872 |    4003    2773    60456    21.8 |  0.001 % |
|   1496178 |    1624     4872 |    4403    2743    60772    22.2 |  0.001 % |
|   2244361 |    1624     4872 |    4844    2970    69332    23.3 |  0.001 % |
|   3366635 |    1624     4872 |    5328    4869   112676    23.1 |  0.001 % |
|   5050046 |    1624     4872 |    5861    2756    57365    20.8 |  0.001 % |
|   7575162 |    1624     4872 |    6447    3784    92680    24.5 |  0.001 % |
|  11362837 |    1624     4872 |    7092    4050    93013    23.0 |  0.001 % |
|  17044351 |    1624     4872 |    7801    4792   109438    22.8 |  0.001 % |
|  25566620 |    1624     4872 |    8581    6038   136341    22.6 |  0.001 % |
|  38350023 |    1624     4872 |    9440    6023   140181    23.3 |  0.001 % |
|  57525129 |    1624     4872 |   10384    6465   146746    22.7 |  0.001 % |
|  86287788 |    1624     4872 |   11422    7409   162637    22.0 |  0.001 % |
| 129431778 |    1624     4872 |   12564    7945   172610    21.7 |  0.001 % |
| 194147762 |    1624     4872 |   13821    8806   195147    22.2 |  0.001 % |
| 291221736 |    1624     4872 |   15203   12975   285147    22.0 |  0.001 % |
| 436832697 |    1624     4872 |   16723   11328   243298    21.5 |  0.001 % |
| 655249139 |    1624     4872 |   18396   11201   236008    21.1 |  0.001 % |
| 982873803 |    1624     4872 |   20235   12805   294155    23.0 |  0.001 % |
| 1474310796 |    1624     4872 |   22259   15349   358595    23.4 |  0.001 % |
| -2083501011 |    1624     4872 |   24485   14831   335506    22.6 |  0.001 % |

*** INTERRUPTED ***
restarts              : 41
conflicts             : 2222295114     (21308 /sec)
decisions             : 2630009792     (25217 /sec)
propagations          : 128000756869   (1227298 /sec)
conflict literals     : 54498026787    (24.49 % deleted)
Memory used           : 30.38 MB
CPU time              : 104295 s

*** INTERRUPTED ***
