==================================[MINISAT]===================================
| Conflicts |     ORIGINAL     |              LEARNT              | Progress |
|           | Clauses Literals |   Limit Clauses Literals  Lit/Cl |          |
==============================================================================
|         0 |    1624     4872 |     541       0        0    -nan |  0.000 % |
|       103 |    1624     4872 |     595     103     2369    23.0 |  0.001 % |
|       254 |    1624     4872 |     654     254     5588    22.0 |  0.001 % |
|       479 |    1624     4872 |     720     479    10793    22.5 |  0.001 % |
|       816 |    1624     4872 |     792     430     9222    21.4 |  0.001 % |
|      1323 |    1624     4872 |     871     524    10508    20.1 |  0.001 % |
|      2085 |    1624     4872 |     958     828    16549    20.0 |  0.001 % |
|      3225 |    1624     4872 |    1054     973    18733    19.3 |  0.001 % |
|      4935 |    1624     4872 |    1159    1019    22718    22.3 |  0.001 % |
|      7497 |    1624     4872 |    1275    1146    25998    22.7 |  0.001 % |
|     11341 |    1624     4872 |    1403     990    19872    20.1 |  0.001 % |
|     17109 |    1624     4872 |    1543     940    18412    19.6 |  0.001 % |
|     25759 |    1624     4872 |    1697     834    14979    18.0 |  0.001 % |
|     38736 |    1624     4872 |    1867    1621    35534    21.9 |  0.001 % |
|     58197 |    1624     4872 |    2054    1012    20075    19.8 |  0.001 % |
|     87390 |    1624     4872 |    2259    1707    40807    23.9 |  0.001 % |
|    131179 |    1624     4872 |    2485    1716    37597    21.9 |  0.001 % |
|    196864 |    1624     4872 |    2734    1422    29028    20.4 |  0.001 % |
|    295390 |    1624     4872 |    3007    2439    55668    22.8 |  0.001 % |
|    443180 |    1624     4872 |    3308    1768    37402    21.2 |  0.001 % |
|    664864 |    1624     4872 |    3639    3233    72560    22.4 |  0.001 % |
|    997389 |    1624     4872 |    4003    1865    38851    20.8 |  0.001 % |
|   1496177 |    1624     4872 |    4403    3874    91332    23.6 |  0.001 % |
|   2244359 |    1624     4872 |    4844    3910    88202    22.6 |  0.001 % |
|   3366635 |    1624     4872 |    5328    3904    91880    23.5 |  0.001 % |
|   5050049 |    1624     4872 |    5861    5188   127813    24.6 |  0.001 % |
|   7575165 |    1624     4872 |    6447    3670    82910    22.6 |  0.001 % |
|  11362842 |    1624     4872 |    7092    3628    80562    22.2 |  0.001 % |
|  17044355 |    1624     4872 |    7801    6968   172315    24.7 |  0.001 % |
|  25566624 |    1624     4872 |    8581    5246   124787    23.8 |  0.001 % |
|  38350028 |    1624     4872 |    9440    5791   129593    22.4 |  0.001 % |
|  57525133 |    1624     4872 |   10384    5834   132324    22.7 |  0.001 % |
|  86287791 |    1624     4872 |   11422    6845   158008    23.1 |  0.001 % |
| 129431782 |    1624     4872 |   12564    8544   180099    21.1 |  0.001 % |
| 194147764 |    1624     4872 |   13821   12161   317146    26.1 |  0.001 % |
| 291221737 |    1624     4872 |   15203    9191   225781    24.6 |  0.001 % |
| 436832697 |    1624     4872 |   16723    9855   241596    24.5 |  0.001 % |
| 655249137 |    1624     4872 |   18396   13153   332287    25.3 |  0.001 % |
| 982873798 |    1624     4872 |   20235   12240   319583    26.1 |  0.001 % |
| 1474310790 |    1624     4872 |   22259   11550   264983    22.9 |  0.001 % |
| -2083501018 |    1624     4872 |   24485   18008   460729    25.6 |  0.001 % |

*** INTERRUPTED ***
restarts              : 41
conflicts             : 2247923690     (20880 /sec)
decisions             : 2678844155     (24883 /sec)
propagations          : 134160463265   (1246186 /sec)
conflict literals     : 58701043277    (23.08 % deleted)
Memory used           : 31.00 MB
CPU time              : 107657 s

*** INTERRUPTED ***
